elements
E Ar H
end

species
e- Ar Ar+ H H+ H- H2 H2+
end

thermo nasa9                                                                          
   200.000  1000.000  6000.000 20000.000   9/09/04
e-                Ref-Species. Chase,1998 3/82.                                 
 3 g12/98 E   1.00    0.00    0.00    0.00    0.00 0.000548579903          0.000
    298.150   1000.0007 -2.0 -1.0  0.0  1.0  2.0  3.0  4.0  0.0         6197.428
 0.000000000D+00 0.000000000D+00 2.500000000D+00 0.000000000D+00 0.000000000D+00
 0.000000000D+00 0.000000000D+00                -7.453750000D+02-1.172081224D+01
   1000.000   6000.0007 -2.0 -1.0  0.0  1.0  2.0  3.0  4.0  0.0         6197.428
 0.000000000D+00 0.000000000D+00 2.500000000D+00 0.000000000D+00 0.000000000D+00
 0.000000000D+00 0.000000000D+00                -7.453750000D+02-1.172081224D+01
   6000.000  20000.0007 -2.0 -1.0  0.0  1.0  2.0  3.0  4.0  0.0         6197.428
 0.000000000D+00 0.000000000D+00 2.500000000D+00 0.000000000D+00 0.000000000D+00
 0.000000000D+00 0.000000000D+00                -7.453750000D+02-1.172081224D+01
Ar                Ref-Elm. Moore,1971. Gordon,1999.                             
 3 g 3/98 AR  1.00    0.00    0.00    0.00    0.00 0   39.9480000          0.000
    200.000   1000.0007 -2.0 -1.0  0.0  1.0  2.0  3.0  4.0  0.0         6197.428
 0.000000000D+00 0.000000000D+00 2.500000000D+00 0.000000000D+00 0.000000000D+00
 0.000000000D+00 0.000000000D+00                -7.453750000D+02 4.379674910D+00
   1000.000   6000.0007 -2.0 -1.0  0.0  1.0  2.0  3.0  4.0  0.0         6197.428
 2.010538475D+01-5.992661070D-02 2.500069401D+00-3.992141160D-08 1.205272140D-11
-1.819015576D-15 1.078576636D-19                -7.449939610D+02 4.379180110D+00
   6000.000  20000.0007 -2.0 -1.0  0.0  1.0  2.0  3.0  4.0  0.0         6197.428
-9.951265080D+08 6.458887260D+05-1.675894697D+02 2.319933363D-02-1.721080911D-06
 6.531938460D-11-9.740147729D-16                -5.078300340D+06 1.465298484D+03
Ar+               Moore,1971. IP:Moore,1970a. Gordon,1999.                      
 3 g 1/99 AR  1.00E  -1.00    0.00    0.00    0.00 0   39.9474514    1526778.407
    298.150   1000.0007 -2.0 -1.0  0.0  1.0  2.0  3.0  4.0  0.0         6205.988
-5.731209170D+04 7.930791470D+02-1.717121217D+00 1.044184018D-02-1.180207501D-05
 6.528134780D-09-1.447558130D-12                 1.790572230D+05 2.949150950D+01
   1000.000   6000.0007 -2.0 -1.0  0.0  1.0  2.0  3.0  4.0  0.0         6205.988
-3.835965400D+05 8.162019700D+02 2.301342628D+00-4.952983770D-06 1.205108477D-08
-2.185050286D-12 1.265493898D-16                 1.771811455D+05 7.947507480D+00
   6000.000  20000.0007 -2.0 -1.0  0.0  1.0  2.0  3.0  4.0  0.0         6205.988
 1.006884827D+07-6.624361280D+03 4.446908200D+00-3.017567664D-04 2.612882069D-08
-1.201637769D-12 2.299206903D-17                 2.349504137D+05-1.032262257D+01
H                 D0(H2):Herzberg,1970. Moore,1972. Gordon,1999.                
 3 g 6/97 H   1.00    0.00    0.00    0.00    0.00 0    1.0079400     217998.828
    200.000   1000.0007 -2.0 -1.0  0.0  1.0  2.0  3.0  4.0  0.0         6197.428
 0.000000000D+00 0.000000000D+00 2.500000000D+00 0.000000000D+00 0.000000000D+00
 0.000000000D+00 0.000000000D+00                 2.547370801D+04-4.466828530D-01
   1000.000   6000.0007 -2.0 -1.0  0.0  1.0  2.0  3.0  4.0  0.0         6197.428
 6.078774250D+01-1.819354417D-01 2.500211817D+00-1.226512864D-07 3.732876330D-11
-5.687744560D-15 3.410210197D-19                 2.547486398D+04-4.481917770D-01
   6000.000  20000.0007 -2.0 -1.0  0.0  1.0  2.0  3.0  4.0  0.0         6197.428
 2.173757694D+08-1.312035403D+05 3.399174200D+01-3.813999680D-03 2.432854837D-07
-7.694275540D-12 9.644105630D-17                 1.067638086D+06-2.742301051D+02
H+                IP(H): Moore,1972. Gordon,1999.                               
 3 g10/00 H   1.00E  -1.00    0.00    0.00    0.00 0    1.0073914    1536245.928
    298.150   1000.0007 -2.0 -1.0  0.0  1.0  2.0  3.0  4.0  0.0         6197.428
 0.000000000D+00 0.000000000D+00 2.500000000D+00 0.000000000D+00 0.000000000D+00
 0.000000000D+00 0.000000000D+00                 1.840214877D+05-1.140646644D+00
   1000.000   6000.0007 -2.0 -1.0  0.0  1.0  2.0  3.0  4.0  0.0         6197.428
 0.000000000D+00 0.000000000D+00 2.500000000D+00 0.000000000D+00 0.000000000D+00
 0.000000000D+00 0.000000000D+00                 1.840214877D+05-1.140646644D+00
   6000.000  20000.0007 -2.0 -1.0  0.0  1.0  2.0  3.0  4.0  0.0         6197.428
 0.000000000D+00 0.000000000D+00 2.500000000D+00 0.000000000D+00 0.000000000D+00
 0.000000000D+00 0.000000000D+00                 1.840214877D+05-1.140646644D+00
H-                Hotop,1985. Gordon,1999.                                      
 3 g 9/96 H   1.00E   1.00    0.00    0.00    0.00 0    1.0084886     139031.328
    298.150   1000.0007 -2.0 -1.0  0.0  1.0  2.0  3.0  4.0  0.0         6197.428
 0.000000000D+00 0.000000000D+00 2.500000000D+00 0.000000000D+00 0.000000000D+00
 0.000000000D+00 0.000000000D+00                 1.597615494D+04-1.139013868D+00
   1000.000   6000.0007 -2.0 -1.0  0.0  1.0  2.0  3.0  4.0  0.0         6197.428
 0.000000000D+00 0.000000000D+00 2.500000000D+00 0.000000000D+00 0.000000000D+00
 0.000000000D+00 0.000000000D+00                 1.597615494D+04-1.139013868D+00
   6000.000  20000.0007 -2.0 -1.0  0.0  1.0  2.0  3.0  4.0  0.0         6197.428
 0.000000000D+00 0.000000000D+00 2.500000000D+00 0.000000000D+00 0.000000000D+00
 0.000000000D+00 0.000000000D+00                 1.597615494D+04-1.139013868D+00
H2                Ref-Elm. Gurvich,1978 pt1 p103 pt2 p31.                       
 3 tpis78 H   2.00    0.00    0.00    0.00    0.00 0    2.0158800          0.000
    200.000   1000.0007 -2.0 -1.0  0.0  1.0  2.0  3.0  4.0  0.0         8468.102
 4.078323210D+04-8.009186040D+02 8.214702010D+00-1.269714457D-02 1.753605076D-05
-1.202860270D-08 3.368093490D-12                 2.682484665D+03-3.043788844D+01
   1000.000   6000.0007 -2.0 -1.0  0.0  1.0  2.0  3.0  4.0  0.0         8468.102
 5.608128010D+05-8.371504740D+02 2.975364532D+00 1.252249124D-03-3.740716190D-07
 5.936625200D-11-3.606994100D-15                 5.339824410D+03-2.202774769D+00
   6000.000  20000.0007 -2.0 -1.0  0.0  1.0  2.0  3.0  4.0  0.0         8468.102
 4.966884120D+08-3.147547149D+05 7.984121880D+01-8.414789210D-03 4.753248350D-07
-1.371873492D-11 1.605461756D-16                 2.488433516D+06-6.695728110D+02
H2+               Gurvich,1978 pt1 p107 pt2 p33.                                
 3 tpis78 H   2.00E  -1.00    0.00    0.00    0.00 0    2.0153314    1494672.430
    298.150   1000.0007 -2.0 -1.0  0.0  1.0  2.0  3.0  4.0  0.0         8583.103
-3.120886060D+04 2.304622909D+02 3.335564420D+00-2.419056763D-03 7.006022340D-06
-5.610010660D-09 1.564169746D-12                 1.774104638D+05-8.278523760D-01
   1000.000   6000.0007 -2.0 -1.0  0.0  1.0  2.0  3.0  4.0  0.0         8583.103
 1.672225964D+06-6.595184990D+03 1.279321925D+01-5.509345260D-03 2.030669412D-06
-3.351027480D-10 1.946089104D-14                 2.189999548D+05-6.792710780D+01
   6000.000  20000.0007 -2.0 -1.0  0.0  1.0  2.0  3.0  4.0  0.0         8583.103
-1.822070983D+08 1.018196269D+05-1.245831898D+01 1.076647496D-03-3.932290360D-08
 6.285405030D-13-2.094721880D-18                -6.513101500D+05 1.471415370D+02
END